"Story","Title","Result","Date","Stability","Duration (s)"
"Calculations","Adding numbers","SUCCESS","2021-12-23T12:39:01.982Z[Etc/UTC]","0.0","3.92"
